1	7.595055	8.318225	-0.109774	-0.114587
2	9.579196	10.448539	0.098078	0.093444
3	7.405331	8.029281	-0.153728	-0.146002
4	7.382621	8.264153	-0.139354	-0.141349
5	7.382798	8.268049	-0.138854	-0.140816
6	7.403737	8.047671	-0.146923	-0.147143
7	9.644884	10.550095	0.110343	0.105752
8	7.603189	8.361299	-0.121498	-0.118747
9	15.547918	17.056608	0.751372	0.752517
10	7.553897	8.350888	-0.112540	-0.113747
11	9.522173	10.332437	0.094127	0.087891
12	7.386027	7.998398	-0.159673	-0.147002
13	7.365164	8.247425	-0.140171	-0.142217
14	7.373055	8.261671	-0.138733	-0.140378
15	7.402691	7.968223	-0.152125	-0.145336
16	9.533614	10.417594	0.097976	0.089735
17	7.625955	8.369765	-0.108959	-0.122680
18	15.165079	16.612769	0.711027	0.708283
19	7.562642	8.355040	-0.122250	-0.116048
20	9.463727	10.259725	0.089515	0.077856
21	7.378639	7.999994	-0.154261	-0.149534
22	7.354059	8.231758	-0.140442	-0.142504
23	7.362972	8.253862	-0.138736	-0.140157
24	7.396658	8.004907	-0.153017	-0.142091
25	9.465513	10.266702	0.091189	0.082121
26	7.604402	8.309756	-0.111261	-0.118816
27	14.912782	16.447232	0.697244	0.693985
28	7.547308	8.333666	-0.116420	-0.123563
29	9.427122	10.215180	0.081852	0.075978
30	7.367369	8.022634	-0.155717	-0.152526
31	7.347667	8.225837	-0.140747	-0.142407
32	7.356642	8.253480	-0.139368	-0.140591
33	7.366754	8.009240	-0.153134	-0.143798
34	9.430323	10.214786	0.087404	0.079945
35	7.596082	8.391077	-0.104277	-0.114300
36	14.939349	16.304154	0.679204	0.681803
37	7.517771	8.283690	-0.129473	-0.125941
38	9.429774	10.165664	0.084458	0.066788
39	7.365411	7.991068	-0.154798	-0.147324
40	7.338494	8.221684	-0.140681	-0.142727
41	7.348995	8.239144	-0.139524	-0.140563
42	7.369219	8.034651	-0.150806	-0.139058
43	9.442801	10.214269	0.083654	0.082309
44	7.519063	8.319509	-0.112816	-0.111616
45	14.814181	16.103721	0.675760	0.676821
46	7.525904	8.311788	-0.128862	-0.126866
47	9.352560	10.154981	0.082220	0.068696
48	7.319401	8.007345	-0.154667	-0.150236
49	7.333016	8.216714	-0.140359	-0.142539
50	7.337871	8.232291	-0.139836	-0.140761
51	7.358565	8.039025	-0.147823	-0.137592
52	9.345166	10.157109	0.079325	0.078036
53	7.532878	8.351306	-0.116355	-0.120084
54	14.629393	16.088191	0.657415	0.674127
55	7.493940	8.219761	-0.131347	-0.136012
56	9.349354	10.248633	0.076839	0.072890
57	7.341607	7.949722	-0.159838	-0.148395
58	7.327508	8.208551	-0.140359	-0.142740
59	7.330712	8.223033	-0.139515	-0.141224
60	7.372974	8.002559	-0.149041	-0.144251
61	9.282754	10.177102	0.076680	0.073300
62	7.504261	8.293241	-0.119501	-0.118641
63	14.656418	16.027855	0.664550	0.665913
64	7.485621	8.334450	-0.122458	-0.121258
65	9.393700	10.209163	0.076401	0.076722
66	7.365800	7.954160	-0.155331	-0.146177
67	7.325293	8.204172	-0.140641	-0.142763
68	7.323363	8.217692	-0.139712	-0.141361
69	7.368773	7.981944	-0.147258	-0.142293
70	9.329689	10.198027	0.080145	0.073034
71	7.522535	8.308671	-0.125419	-0.109866
72	14.664308	16.166969	0.668147	0.666993
73	7.541966	8.363753	-0.122084	-0.117844
74	9.370958	10.190362	0.087512	0.072182
75	7.340478	7.984094	-0.156534	-0.148263
76	7.318645	8.196071	-0.140050	-0.143164
77	7.315214	8.206011	-0.139809	-0.140991
78	7.361892	7.974933	-0.151015	-0.141539
79	9.347084	10.156183	0.082658	0.077410
80	7.505773	8.311163	-0.121072	-0.116107
81	14.592574	15.974010	0.666707	0.666948
82	7.521844	8.285250	-0.117920	-0.122306
83	9.369249	10.221460	0.078809	0.068700
84	7.386379	7.900385	-0.153769	-0.148553
85	7.313436	8.192575	-0.139953	-0.142849
86	7.306529	8.196670	-0.139848	-0.141556
87	7.359341	7.991749	-0.151029	-0.142563
88	9.363514	10.135001	0.073512	0.070757
89	7.556258	8.265241	-0.118243	-0.116238
90	14.613361	16.010561	0.668516	0.655252
91	7.539277	8.255327	-0.127880	-0.118705
92	9.343129	10.125340	0.078950	0.069589
93	7.317154	7.929121	-0.159429	-0.145209
94	7.304374	8.178742	-0.139026	-0.142448
95	7.292110	8.181226	-0.140225	-0.140889
96	7.311997	8.005789	-0.147127	-0.139204
97	9.284693	10.085462	0.074155	0.067722
98	7.499731	8.255342	-0.124626	-0.118746
99	14.565637	16.021186	0.669494	0.665672
100	7.557623	8.339539	-0.120354	-0.120929
1	7.587519	8.395830	-0.128172	-0.116269
2	9.440587	10.492122	0.102837	0.088784
3	7.205985	8.110115	-0.154610	-0.148835
4	7.363506	8.241355	-0.132454	-0.146844
5	7.360686	8.244551	-0.132251	-0.146551
6	7.241594	8.132645	-0.151372	-0.146961
7	9.530947	10.635629	0.113638	0.106893
8	7.535590	8.419722	-0.127540	-0.122715
9	15.406041	17.134376	0.754796	0.762165
10	7.570838	8.385450	-0.124949	-0.115026
11	9.292384	10.438830	0.095026	0.085562
12	7.265647	8.100363	-0.155102	-0.149331
13	7.351215	8.223902	-0.133248	-0.147545
14	7.353609	8.237395	-0.132687	-0.146605
15	7.224240	8.148308	-0.150073	-0.146197
16	9.360741	10.532204	0.097354	0.090517
17	7.556089	8.411234	-0.123545	-0.120158
18	15.027576	16.730751	0.703811	0.722439
19	7.574888	8.345653	-0.126185	-0.123889
20	9.258097	10.347124	0.092551	0.079978
21	7.219233	8.085991	-0.156059	-0.145553
22	7.337449	8.213903	-0.133003	-0.148347
23	7.336591	8.224404	-0.133067	-0.146996
24	7.251777	8.190960	-0.148159	-0.146282
25	9.308292	10.414487	0.090644	0.090075
26	7.521877	8.381240	-0.123778	-0.122425
27	14.834045	16.583859	0.685994	0.700586
28	7.593380	8.338115	-0.124485	-0.121665
29	9.283588	10.333174	0.089027	0.079086
30	7.189879	8.098227	-0.157659	-0.147141
31	7.334202	8.207905	-0.133575	-0.148676
32	7.330483	8.217150	-0.133669	-0.147630
33	7.227470	8.174757	-0.150565	-0.146703
34	9.313444	10.355310	0.080512	0.081962
35	7.515086	8.452024	-0.115003	-0.113961
36	14.680108	16.455579	0.676902	0.692574
37	7.489841	8.284976	-0.133769	-0.123829
38	9.224132	10.320436	0.079376	0.070753
39	7.198800	8.115013	-0.153758	-0.145704
40	7.323290	8.204278	-0.133860	-0.149272
41	7.320373	8.207058	-0.133545	-0.147864
42	7.226355	8.156403	-0.150380	-0.148908
43	9.279769	10.415947	0.083368	0.079329
44	7.510626	8.377885	-0.117117	-0.121367
45	14.550999	16.252594	0.668197	0.681904
46	7.486333	8.371824	-0.135699	-0.123598
47	9.173721	10.299496	0.076975	0.067115
48	7.193685	8.108957	-0.156032	-0.143540
49	7.317767	8.193413	-0.133794	-0.148992
50	7.311195	8.195015	-0.133790	-0.148087
51	7.214423	8.190433	-0.149901	-0.145760
52	9.217672	10.323996	0.079694	0.079146
53	7.454412	8.352069	-0.131951	-0.121456
54	14.541595	16.220178	0.659732	0.676887
55	7.439996	8.311574	-0.136921	-0.123457
56	9.197360	10.378634	0.079993	0.067712
57	7.178171	8.090512	-0.154649	-0.148226
58	7.313558	8.190367	-0.133784	-0.148897
59	7.303003	8.185474	-0.133614	-0.148254
60	7.230109	8.175749	-0.149132	-0.148980
61	9.194693	10.262320	0.080840	0.074376
62	7.461486	8.417146	-0.134125	-0.113594
63	14.429025	16.251751	0.654456	0.670069
64	7.500173	8.285438	-0.129153	-0.126378
65	9.251898	10.341906	0.082527	0.072013
66	7.260341	8.109678	-0.150395	-0.147627
67	7.309981	8.183923	-0.134423	-0.148584
68	7.297553	8.178516	-0.133427	-0.148383
69	7.166561	8.168898	-0.153219	-0.145791
70	9.163012	10.256981	0.079869	0.079358
71	7.499514	8.331672	-0.124645	-0.112917
72	14.535751	16.255014	0.657507	0.673335
73	7.454223	8.350902	-0.128932	-0.125884
74	9.220440	10.291892	0.081512	0.070601
75	7.230769	8.139222	-0.148041	-0.149969
76	7.298965	8.182166	-0.134638	-0.148120
77	7.288826	8.169951	-0.133051	-0.148245
78	7.204547	8.126074	-0.153021	-0.148275
79	9.133670	10.209522	0.080400	0.077589
80	7.464577	8.317822	-0.127511	-0.120649
81	14.430452	16.197888	0.654129	0.665620
82	7.535264	8.317204	-0.121032	-0.120139
83	9.203808	10.281711	0.076454	0.069851
84	7.185503	8.105231	-0.149071	-0.145793
85	7.294106	8.171533	-0.134791	-0.147646
86	7.281168	8.159325	-0.133162	-0.147829
87	7.229025	8.165292	-0.150732	-0.148571
88	9.174146	10.191372	0.077657	0.069801
89	7.530946	8.394743	-0.126916	-0.116796
90	14.375495	16.141442	0.650270	0.662916
91	7.479492	8.303584	-0.124604	-0.115666
92	9.180633	10.251247	0.074961	0.072829
93	7.177534	8.076269	-0.148992	-0.149440
94	7.283393	8.160694	-0.134477	-0.147446
95	7.269442	8.144140	-0.133104	-0.148008
96	7.211279	8.132956	-0.151307	-0.141507
97	9.117059	10.169198	0.070942	0.073974
98	7.413347	8.326433	-0.131171	-0.126640
99	14.407008	16.112898	0.650238	0.671072
100	7.518243	8.313064	-0.126750	-0.115398
