1	16.395540	14.483454	0.935376	0.358292
2	15.492781	13.025343	0.873904	0.276317
3	14.807460	12.110830	0.815029	0.217959
4	14.407541	11.755648	0.761302	0.138745
5	13.902912	11.342020	0.709818	0.110359
6	13.659931	11.069749	0.661026	0.077634
7	13.265474	11.117550	0.613398	0.060579
8	12.903923	11.125190	0.568898	0.049356
9	12.697468	11.154251	0.533972	0.026998
10	12.429202	11.030007	0.501017	0.015429
11	12.193613	10.951185	0.471163	0.027926
12	11.986037	10.905623	0.441158	0.020972
13	11.888111	10.874636	0.414380	0.015331
14	11.828003	10.942810	0.388067	0.011151
15	11.746294	10.932548	0.364347	0.008592
16	11.733706	10.802808	0.341675	-0.020264
17	11.652851	10.688505	0.318537	-0.017828
18	11.572142	10.358969	0.298409	-0.035049
19	11.436672	10.508759	0.278458	-0.038023
20	11.424407	10.601913	0.263686	-0.022149
21	11.363881	10.698908	0.251411	-0.001842
22	11.379251	10.759765	0.239073	-0.006731
23	11.435386	10.889125	0.224960	-0.014760
24	11.363991	10.654056	0.208753	-0.011832
25	11.219074	10.684164	0.192568	-0.013738
26	11.127146	10.437292	0.174955	0.000663
27	11.088489	10.412912	0.158733	0.001643
28	10.960015	10.463868	0.145124	-0.004342
29	10.814555	10.530961	0.132268	-0.017716
30	10.788107	10.470181	0.121046	-0.017965
31	10.769312	10.485278	0.109442	-0.018983
32	10.764211	10.350684	0.098983	-0.026300
33	10.649872	10.438356	0.089915	-0.033473
34	10.501709	10.529522	0.078420	-0.021165
35	10.382758	10.479855	0.067814	-0.031023
36	10.220510	10.582447	0.056394	-0.000152
37	10.059130	10.484481	0.043214	0.008358
38	10.040568	10.257261	0.029614	0.009022
39	9.934887	10.343320	0.016704	-0.000365
40	9.889539	10.330135	0.005668	-0.003751
41	9.764082	10.352730	-0.003051	-0.002403
42	9.577975	10.547294	-0.011890	-0.016225
43	9.547361	10.466078	-0.017677	-0.014796
44	9.513461	10.458730	-0.026105	-0.035789
45	9.557661	10.471740	-0.036356	-0.018945
46	9.495679	10.511656	-0.044882	-0.033414
47	9.509299	10.174237	-0.051864	-0.008747
48	9.401937	10.254135	-0.058483	-0.035047
49	9.430621	10.266751	-0.061425	-0.033628
50	9.456145	10.222813	-0.064457	-0.015633
51	9.520552	10.216435	-0.066858	-0.031677
52	9.487269	10.375971	-0.067077	-0.027775
53	9.512833	10.318289	-0.066693	-0.029419
54	9.472612	10.093137	-0.064771	-0.030948
55	9.510413	10.027767	-0.062011	-0.020269
56	9.512449	10.091202	-0.057378	-0.039227
57	9.479180	10.244189	-0.055430	-0.016147
58	9.448547	10.280468	-0.051349	-0.010691
59	9.559544	10.186594	-0.047618	-0.018031
60	9.637123	10.208373	-0.044024	-0.034012
61	9.735714	10.209149	-0.038864	-0.033449
62	9.728430	10.225053	-0.033791	-0.020530
63	9.729915	10.334511	-0.026900	-0.013166
64	9.616438	10.382960	-0.021337	-0.009145
65	9.583996	10.441313	-0.018438	-0.007620
66	9.648168	10.379041	-0.018905	-0.009756
67	9.567097	10.387609	-0.022748	0.003195
68	9.531467	10.440244	-0.027591	0.002123
69	9.538128	10.385051	-0.033935	0.006934
70	9.476163	10.158179	-0.040935	-0.002376
71	9.372578	10.208747	-0.047742	-0.011090
72	9.362513	10.330169	-0.052506	0.002665
73	9.336375	10.187247	-0.056860	0.001105
74	9.285334	10.248148	-0.061064	-0.001288
75	9.323280	10.373064	-0.062037	-0.013098
76	9.402057	10.425077	-0.060847	-0.009844
77	9.369997	10.304312	-0.056753	-0.001741
78	9.348451	10.234993	-0.052990	-0.008537
79	9.259885	10.242467	-0.050818	-0.001746
80	9.277549	10.255262	-0.051869	0.012353
81	9.318681	10.175768	-0.050983	0.024141
82	9.455725	10.175865	-0.049661	0.001649
83	9.586341	10.199168	-0.045594	-0.000049
84	9.684998	10.229680	-0.041232	0.003009
85	9.696819	10.330312	-0.036670	0.003866
86	9.740815	10.345195	-0.034319	-0.003023
87	9.793665	10.364957	-0.030178	0.000923
88	9.828801	10.459129	-0.022559	-0.006175
89	9.890798	10.522221	-0.014197	-0.004426
90	9.893033	10.394088	-0.009130	-0.013087
91	9.962246	10.549379	-0.005029	-0.011640
92	9.977881	10.391796	-0.001378	-0.010541
93	9.853937	10.482455	0.000496	-0.004046
94	9.776709	10.407711	-0.000364	-0.004130
95	9.730806	10.218979	-0.001517	-0.013677
96	9.596206	10.306537	-0.003011	-0.007595
97	9.574783	10.202903	0.000567	-0.011367
98	9.603251	10.293901	0.003484	-0.020695
99	9.660466	10.149938	0.007020	-0.012039
100	9.765336	10.183296	0.009282	-0.017718
1	17.059199	14.448534	0.944522	0.297938
2	16.259746	12.643448	0.888512	0.227176
3	15.565757	11.694476	0.836346	0.170196
4	14.993131	11.297443	0.791716	0.124496
5	14.643349	11.140128	0.749051	0.103054
6	14.307497	11.087163	0.708571	0.072193
7	14.006544	11.137118	0.668090	0.053970
8	13.776232	10.974320	0.627880	0.052647
9	13.586999	10.921575	0.588831	0.059855
10	13.400064	10.649797	0.551706	0.036914
11	13.180066	10.574887	0.516460	0.029921
12	12.977860	10.690679	0.483639	0.017553
13	12.743532	10.642376	0.452055	-0.004236
14	12.509872	10.494962	0.420500	0.023687
15	12.341335	10.362730	0.390667	0.023557
16	12.131789	10.274150	0.364009	0.020989
17	11.972378	10.232823	0.341942	0.010584
18	11.873478	10.310423	0.322666	0.006040
19	11.834094	10.588290	0.304424	0.001478
20	11.686077	10.518177	0.285041	-0.008443
21	11.560412	10.445761	0.267627	-0.028477
22	11.522680	10.409263	0.252571	-0.024659
23	11.499715	10.229878	0.238573	-0.000818
24	11.518159	10.465722	0.224855	0.013707
25	11.481631	10.455006	0.213990	0.000634
26	11.346524	10.299911	0.207469	0.009321
27	11.312260	10.191946	0.203769	0.016773
28	11.291624	10.214397	0.197127	0.007874
29	11.163294	10.174742	0.193286	0.029663
30	11.158435	10.184899	0.188788	0.024815
31	11.098729	10.208676	0.185137	0.017734
32	11.106387	10.183653	0.180027	0.031142
33	11.110188	10.181277	0.176017	0.014340
34	11.112863	10.228068	0.170779	0.009169
35	11.067183	10.264267	0.164706	-0.006535
36	11.003458	10.193814	0.156975	-0.024407
37	11.023391	10.264518	0.148942	-0.022530
38	10.892247	10.145509	0.137784	-0.021069
39	10.719936	10.173195	0.127523	-0.015524
40	10.668674	10.068567	0.117688	-0.008462
41	10.509128	10.070937	0.109098	-0.025169
42	10.435306	10.085606	0.102728	0.005612
43	10.333503	10.190698	0.095468	-0.026322
44	10.113190	10.208653	0.085742	-0.009802
45	10.130761	10.193490	0.076396	0.007270
46	10.131888	10.131279	0.066525	-0.023522
47	10.146311	9.991537	0.053998	-0.022111
48	10.120407	9.961697	0.041031	0.015543
49	10.057534	9.919407	0.026570	0.012017
50	9.991318	9.978207	0.014519	0.018003
51	10.002119	9.943342	0.001489	0.030967
52	9.931397	9.993288	-0.007659	0.033729
53	9.974590	9.924876	-0.012031	0.004973
54	9.974820	9.840395	-0.014751	0.035627
55	10.116767	9.847865	-0.017067	0.024140
56	10.241343	9.910207	-0.014111	0.012032
57	10.269062	9.943252	-0.010941	0.006417
58	10.381938	9.913584	-0.010067	0.022134
59	10.330690	10.010068	-0.008212	0.037062
60	10.289749	9.953398	-0.004939	0.005150
61	10.375388	10.206823	-0.002853	-0.007107
62	10.430659	10.106949	-0.003594	0.002767
63	10.483196	10.110269	-0.003769	-0.008543
64	10.552307	10.177238	-0.002832	0.009838
65	10.571559	10.063585	-0.002291	-0.032954
66	10.606587	10.119931	-0.001373	-0.000633
67	10.550925	9.961779	-0.000290	-0.017897
68	10.638078	9.940405	0.001912	0.004384
69	10.627341	9.868818	0.003618	-0.013417
70	10.570961	9.973556	0.006647	-0.029671
71	10.450275	9.989359	0.008414	-0.031209
72	10.419545	10.015414	0.009539	-0.023861
73	10.447597	10.007922	0.009074	-0.024635
74	10.541202	9.840085	0.005637	-0.029999
75	10.603552	9.840660	0.003589	-0.022203
76	10.634328	9.770362	0.004668	-0.021962
77	10.623436	9.719930	0.007970	-0.024457
78	10.610347	9.714285	0.010438	-0.033170
79	10.636404	9.876985	0.014966	-0.014094
80	10.641506	9.984904	0.017709	0.003942
81	10.651859	9.918417	0.022132	0.022026
82	10.517274	9.815432	0.023769	0.017845
83	10.514311	9.931100	0.025678	0.008854
84	10.476611	9.795789	0.026783	0.020037
85	10.475919	9.825143	0.026216	0.029718
86	10.474676	9.782546	0.021056	0.035171
87	10.581393	9.842507	0.016520	0.036646
88	10.677105	9.853946	0.013080	0.020387
89	10.659369	9.484624	0.011352	0.028900
90	10.716796	9.552866	0.009646	0.033290
91	10.793146	9.693283	0.009864	0.008112
92	10.704993	9.797146	0.009471	0.008555
93	10.671620	9.724222	0.011235	-0.008243
94	10.691701	9.724946	0.013590	-0.009280
95	10.610539	9.815752	0.016960	0.002974
96	10.560493	9.833675	0.022255	0.009607
97	10.478801	9.922046	0.027168	-0.023482
98	10.521512	9.918463	0.033496	-0.005855
99	10.553085	9.890215	0.043819	-0.008411
100	10.571774	9.803779	0.052396	-0.002787
