"x"	"d"
-2.01344653498381	0.191816753474995
-4.07794112339616	0.513511770038773
5.99792535882443	0.391746282002061
-0.0686895218677819	0.266480336831875
-1.14411975955591	0.946289699472325
-0.691679427400231	0.122549754718375
4.72736482042819	0.598945815423831
-2.42100461153314	0.582581969092312
-3.04691167082638	0.231861848181432
-0.302587004844099	0.246443072333039
-3.12927886610851	0.561219696166785
-5.84409886272624	0.338167532696301
6.5729858726263	0.0213393566696094
-4.31552681839094	0.106598740763055
7.41411562543362	0.0437559756884958
6.09515086049214	0.304858592854726
-10.2375422953628	0.0169257830715592
4.27882075309753	0.0955381096755109
-4.40710772294551	0.534849170689026
3.00827350001782	0.127667206977538
1.54359983978793	0.810208320477389
3.00421595340595	0.0358438292263976
4.48695046361536	0.535437338099565
4.91381253115833	0.446702363875236
7.25052505731583	0.233841417345598
-1.52518080314621	0.253171918592933
-2.34413851518184	0.701178454728936
4.92228065617383	0.242401699574513
0.061098535079509	0.583075623854145
3.789231358096	0.257879563836195
2.6897695264779	0.663660718223325
1.21435706969351	0.218912811270388
-3.11732935952023	0.597403875675968
0.55106682702899	0.360028325211349
4.19306200928986	0.443384908286045
8.06361398426816	0.212857919772306
-7.3910051677376	0.0610196180747585
-3.35376972332597	0.3126433631615
2.17241601319984	0.409712156685382
6.87876275042072	0.349725869077044
1.99991806643084	0.157347179763665
-0.270883818157017	0.598389289599261
0.416496454272419	0.964353270481203
0.968900327570736	0.907037157138832
-1.24698950210586	0.968034302811834
1.80525757838041	0.913123582511701
-4.44618910783902	0.551661172841219
-0.4875134001486	0.263089666896352
-4.62241616332904	0.148771435261838
2.16319925850257	0.37343021274277
-1.20387983042747	0.474726447970943
0.884465414565057	0.756257866154761
2.55926872137934	0.229762461600249
5.56030152132735	0.486753526258202
-12.7574532455765	0.0337444664403733
-0.869027709122747	0.02433253301373
3.88763543218374	0.734443954700991
-4.47833982529119	0.0984009980975893
-8.35458830930293	0.156214216580354
-0.106942362617701	0.142715396581122
2.79503157595173	0.167101558822893
2.53131629666314	0.829573418118739
5.0669611687772	0.0176661224355102
7.304149386473	0.0898996933947145
6.37824264820665	0.33010185965986
-2.50210269587114	0.417204134532597
5.52360917441547	0.202326212282757
-8.54555621976033	0.164843344072456
-5.57347882306203	0.0346697996893582
-2.48902024934068	0.440994489100258
-8.52535296231508	0.200090879135532
3.13082712236792	0.0456725244936006
4.12192062707618	0.624700129951238
6.77267825463787	0.144406613771004
-2.95944037847221	0.315578783558261
-10.3008052962832	0.106363714437847
13.4714535763487	0.000950602927994622
6.24476179713383	0.00194461046900531
7.87254044087604	0.00962681733838214
-2.52731298096478	0.270372308614514
5.80283547285944	0.011713898984971
6.74256692407653	0.27187939542503
-2.29404249228537	0.300154206322571
7.47242641635239	0.0564026368205499
-4.10483749117702	0.221841729299728
1.55810298398137	0.597245580798389
10.3785934299231	0.0264732414543827
-4.80673271231353	0.0626145885849148
-0.141243792604655	0.578905300830549
-2.01919696060941	0.585501302393289
-2.60737632634118	0.698874600199208
-10.4726074612699	0.0987372266375459
-0.58985699666664	0.016104048988424
8.49096846068278	0.123804692106608
2.8662630985491	0.0558852916298619
9.17050308315083	0.02209820740752
8.66152105852962	0.180769737518262
-5.80618738895282	0.113829403271564
-7.47009900631383	0.144283174063862
-2.6797205535695	0.274156708097512
0.623836750164628	0.683367093574202
2.22614580066875	0.888123274033019
3.81839709123597	0.0244548060017235
2.08963832817972	0.105501544110563
1.8496150849387	0.743414995689019
-6.11003136495128	0.426622247609492
3.7396484753117	0.41064966934347
-3.36998097365722	0.558470045494092
1.09683700371534	0.593869953500649
0.915886550210416	0.538112053972541
-0.467593122739345	0.932106289244799
0.307660354301333	0.982165700791998
1.55163395684212	0.340768372517512
2.58373294724151	0.658705793554544
3.31437618937343	0.040468248825973
-0.591565368231386	0.416167734054355
-3.24488207465038	0.202989411361112
3.12984046759084	0.641400512440357
-1.54848894802853	0.818167515628173
-0.609158277511597	0.670576007295108
-8.02465776912868	0.0144143166366036
0.771696909796447	0.182793341263787
3.69866306427866	0.594159495392843
-3.80340448580682	0.117958178853246
-5.67976469406858	0.238550625859503
3.11338032362983	0.472646738479529
-0.833334282506257	0.802734324192738
-0.419463850557804	0.977226839317798
1.30468436982483	0.253994726702421
-3.10215092729777	0.345517666165372
-5.14541879296303	0.348107359191476
-6.9742003432475	0.033293340216309
-9.58259075414389	0.0167371093628629
0.232096086256206	0.0372669006341755
6.13127621356398	0.148941411043817
-9.59768833592534	0.108082904351934
3.23172869626433	0.125142611374237
-5.84843568038195	0.459021266202907
6.01392694981769	0.0703236327517992
5.20891611697152	0.395321890889608
3.09903109213337	0.174906578483952
-2.09935755701736	0.672535084593578
2.98141489271075	0.387130943559409
11.0733645223081	0.0810829512503456
10.9012061334215	0.0554211018723896
1.96534226182848	0.0832649436005931
1.52591664344072	0.0985092754654062
2.97300522448495	0.511386472962801
7.34408628428355	0.189554965124474
3.75936869066209	0.114968049125525
-5.73270358610898	0.409403839662534
5.08495990885422	0.46090810620778
2.81359777785838	0.593778343307228
6.10161456512287	0.317466795208446
1.88304096227512	0.00806061962060762
8.14739390043542	0.0471830513593501
-12.3419933114201	0.00349536588951293
-1.41032705549151	0.0401605260222764
0.883290048222989	0.338675666587026
1.48334223311394	0.145462340758771
-4.16141994763166	0.137699549552161
0.586631612386554	0.628198390727683
2.56520632887259	0.208329256190719
-5.87346259737387	0.117535678009172
11.3704651454464	0.0295134372118266
-8.88992980588228	0.00701767415179734
7.6211302424781	0.0114608978004294
3.37113157147542	0.289093790825764
-3.75446965685114	0.231685993339971
3.00860897172242	0.732913215127277
4.57084902562201	0.517637367759828
-3.02627899451181	0.377653144488234
0.686238517519087	0.238886235909852
-1.0750055895187	0.47049302685724
2.28109820047393	0.46473261925901
1.15524141350761	0.222268589869516
2.74426060030237	0.795457825054626
2.65088142827153	0.627265012140302
-3.47076433477923	0.206476184924904
-8.00528617110103	0.255205703897424
-3.5896509164013	0.192814253512559
11.5004815952852	0.0401566839019112
0.555585992988199	0.0140613810374875
-0.317385918460786	0.305723884268288
0.35223490325734	0.223370475185483
-0.258510753046721	0.539425595786051
-2.04542930005118	0.852528519188297
4.16103775380179	0.609247116015768
1.67997051263228	0.257389471503365
-2.24390310700983	0.422267211686932
-0.591082347091287	0.72419705554716
-0.572051319759339	0.767518055713705
2.62142804218456	0.246027717340471
-2.8395659616217	0.237190066254622
11.6238131560385	0.0621029265486788
-10.1133790262975	0.0596283931527185
-10.2475533471443	0.106766710632892
5.53727347869426	0.105542810491203
6.08693463960662	0.472994479453739
6.78187624085695	0.198382889147843
-2.94372680364177	0.127358251798819
1.65639203740284	0.194927288459957
9.78978012688458	0.121686848082715
-2.19971020007506	0.104406669896473
-1.92138622049242	0.589092411506674
-5.40171820437536	0.310153301000653
4.20884576160461	0.0823967051479218
-3.9777012867853	0.113860800567884
5.05812697811052	0.428348006849252
4.0043899579905	0.032189801729965
-0.912898262031376	0.558616836350892
-4.22019738005474	0.598117658570165
1.45081032766029	0.531788678790646
7.75924319168553	0.214822172241072
9.31141570676118	0.0325135405625171
8.96256428444758	0.146645850248572
-3.19494107505307	0.135121089044776
-0.719814605545253	0.712605976826586
1.40235118567944	0.552409356024482
1.51093106484041	0.682687987168261
-3.35502691799775	0.670043346092376
3.7644398608245	0.575543577105773
0.668112393468618	0.327236984772138
-1.28343580523506	0.947975509264717
-9.01110698003322	0.189865425676005
-5.32288704765961	0.141673162402269
1.2782069365494	0.423915855663078
2.28393963072449	0.266984000438317
-2.29692204622552	0.13837780162752
0.680735050700605	0.627123946326166
2.65920222736895	0.0869269677179769
1.78390110377222	0.503065349527144
-3.55192109942436	0.459582409384515
-1.67740321950987	0.726889777455671
-1.86756787123159	0.911024402930254
-2.46039268327877	0.554323187809393
1.16463491460308	0.870678094763895
-10.034505429212	0.0734988942169004
10.8751523005776	0.0341264481584978
-6.21702207019553	0.0308229220585645
7.1892079920508	0.0650474519458452
4.10353692015633	0.353313081829926
9.10967627540231	0.0647670820333953
-9.2566856648773	0.0514661822313698
0.163059385959059	0.0576412380871914
-0.352674659807235	0.558936970659196
8.93847230589017	0.0532867923188845
1.31133983144537	0.107641732163168
0.4101269133389	0.960143993811608
0.703964349813759	0.208640301616095
4.52307462925091	0.371441702572006
-11.8366351467557	0.0302685703146629
-7.11964745773003	0.016268629258961
1.36936081806198	0.242442286947018
1.02889613248408	0.0913149840113418
0.197985868435353	0.910819518498421
7.07863379269838	0.364786040045444
-0.243542699608952	0.235383644949282
-1.19066921761259	0.755307741455094
3.36877166759223	0.467893941346638
-1.36205879040062	0.293996902909447
5.50829848973081	0.221426708423042
2.2376691782847	0.0962217480266837
-5.97041723784059	0.303775204377497
-2.79382803943008	0.328876606959612
4.99456675490364	0.130485536380964
0.690451234113425	0.470341102185558
3.69208447169513	0.691465127606674
9.04828117461875	0.0282659777014022
-6.70251321047544	0.04717520905015
-10.2197330771014	0.0109352761105308
10.5454717087559	0.0619801068736059
3.633881311398	0.0545643143111154
-1.00851922295988	0.0908322897657059
0.468633575364947	0.894467265577438
5.73255454888567	0.284166012555181
1.04159304639325	0.369373152484632
3.62279498716816	0.592830215620072
-4.85648561501876	0.363001774017404
-3.06248063687235	0.410560392932871
-0.91506305616349	0.753835647861428
2.0030170166865	0.287354520141913
-0.0763113261200488	0.00958188616405029
1.52028825832531	0.626521467293707
-1.01220991462469	0.424292716708422
-1.90217866329476	0.731029061601941
-3.95246712025255	0.520676428765053
-3.74808263266459	0.20800497312514
-5.8753680344671	0.0764960988774323
9.21384254470468	0.0541677776254267
-7.69137501949444	0.134270118768708
-0.309175844304264	0.282078514640112
0.94376522116363	0.309389573875858
1.99090709444135	0.853634103107839
7.4936110759154	0.220415480939015
5.48120003426448	0.0546848216716331
4.87472677370533	0.221822079163775
6.05424135457724	0.133650943969374
-0.113822242710739	0.195538239239591
1.66336972732097	0.887603412962301
9.00587208336219	0.150518842107196
5.85736775770783	0.1736676771266
-1.43455950077623	0.344101782836149
-1.12929014721885	0.491445413126708
-2.43245467543602	0.680176008605518
-0.14383249450475	0.726570273740053
0.531898245681077	0.955361518307339
1.67474511545151	0.719083675909801
2.9559590248391	0.129750547647461
-1.91861333325505	0.578352172091513
-0.569556844420731	0.485206631650561
-0.740711758844554	0.409762642895702
4.05088644241914	0.566556294657834
4.15972011862323	0.423511602638032
-2.25486063631251	0.475159528574469
-1.48280004272237	0.823985738054157
2.2141597000882	0.901027563500176
-3.86915530543774	0.491379526060033
-5.07833698298782	0.135907502265735
6.57309809932485	0.168839427572784
-3.14355632755905	0.364239108272512
-0.0437309523113072	0.685396795002309
0.821302633266896	0.892390957320453
-5.79091056017205	0.320107996703744
-3.00993723096326	0.434443565830923
-3.02298857364804	0.771081019544143
-6.84092994779348	0.361113653532888
4.27854664390907	0.0595676469788402
-2.71107777021825	0.653794895950645
-3.04031330393627	0.673143678356152
5.26136046275496	0.489958856191227
-1.13178692059591	0.0740781220158496
2.78187306364998	0.786465433777683
-3.08642890071496	0.0218402899217606
-4.99730462674052	0.577221654469061
5.16911871498451	0.0347583185717137
-1.95928227854893	0.378603112632656
2.12359121767804	0.270612788678461
-3.17193288356066	0.7910586900683
-0.48098795581609	0.305333061727993
0.176287754438818	0.994765814376172
-3.7926955986768	0.696424547281598
2.22982820821926	0.658368933458376
-4.77065923623741	0.202793408086708
-1.50846010772511	0.32179214020884
2.04408332007006	0.708735377082367
8.78957524197176	0.0115291610166996
3.71371765388176	0.135459434818326
5.03427097108215	0.393106612583908
-2.94598959619179	0.28726353263214
1.85392834944651	0.443266165232706
-3.66186837432906	0.682738513937032
-1.91565964138135	0.649354288521394
5.10008392157033	0.346583286857259
1.97726343059912	0.380372640469598
7.0951384305954	0.331248072478492
-1.60642041591927	0.211632510801595
-4.84404272865504	0.288282106553208
1.72825044952333	0.544842705390363
0.751785635948181	0.480376565984124
1.2448743218556	0.967628596309319
6.05303171323612	0.459608520650751
-3.69917964097112	0.333447054506731
-5.23813687032089	0.244636421484891
-11.04652245529	0.0355578478723314
-8.19614413194358	0.0815492535429031
-1.76458601374179	0.222130902761302
-7.40137057844549	0.262960703180433
2.94239728013054	0.278418592013384
0.634888876229525	0.514927615493014
9.61369019933045	0.0387915228114792
-8.38072513695806	0.130391415422667
-8.72909347526729	0.0277377182432517
-1.79537244373932	0.147208899907298
-1.53092146385461	0.469757889943233
-3.45210424857214	0.602284227482023
-8.62048080191016	0.122185508617479
3.96382325096056	0.159766566682194
6.52998480945826	0.149319475685541
-1.02894659852609	0.234994065346235
0.920631049666554	0.950834636576024
2.89292059605941	0.722640714931039
3.54836473474279	0.482670409313244
3.59329587779939	0.732555430243841
1.09100435860455	0.328214747361549
-0.348596186377108	0.96526735280175
-3.60829715849832	0.468317973203265
1.21322056744248	0.628830473208875
2.88107763743028	0.540521375777124
3.21879507042468	0.342321911956153
4.76090443320572	0.294699675968534
5.70758071728051	0.214438797368143
6.74790679011494	0.223941077921477
4.48248032480478	0.357956559907697
-2.54404939245433	0.286065427573138
1.55997633934021	0.613268586832635
3.07355112629011	0.189630573728539
-7.53940530354157	0.235817773440598
-7.66805284190923	0.230010713521376
-7.8032596455887	0.121809141245829
-3.05205192882568	0.0414528767640337
2.55946677876636	0.642660685810542
4.4740937766619	0.669062942400529
-5.52535230992362	0.520983055914339
4.49663099600002	0.178442227906331
-7.42618402931839	0.014253075286662
10.7590902177617	0.0261636658168974
9.76824318990111	0.0752775040182946
-8.28198662493378	0.0842498103986443
2.08858217345551	0.0796628574549063
-0.942416880279779	0.705551452465458
2.39092817064375	0.639248802757397
-2.26210004417226	0.303419880850152
-1.99081946862862	0.720840956684937
-4.70473660156131	0.641838623083911
7.44534436846152	0.245017593247813
4.08375600585714	0.0583639203073372
-6.01600367110223	0.434937015918534
-5.61865753261372	0.299343393640695
1.51658446993679	0.402817830435609
2.57953648455441	0.387277556831634
-2.89824467618018	0.220633780184678
-4.03933990281075	0.574444430221117
-0.398081433959305	0.334482096773256
-0.949737278278917	0.858416420736295
2.67118758056313	0.789560094500805
-2.38224409986287	0.805241065330954
-4.06920383451506	0.404698178283117
-7.99068490974605	0.205657452115738
-1.8181296880357	0.25728387305276
-0.393994473852217	0.370043882159442
3.89019839465618	0.708228489680242
-8.31596844596788	0.121081030554806
-10.6259895768017	0.06274585600029
-0.31455917051062	0.0698367145250159
1.96684841997921	0.87365062674671
-1.72589653870091	0.844239769747132
4.78451909730211	0.564308571845893
7.51575713977218	0.314376576749771
-3.96534360246733	0.0819760021095145
1.7136392975226	0.0671553192348119
-0.4298753477633	0.638385850452007
-0.44283001916483	0.105335015889837
5.75961137423292	0.046741826160229
-1.01172764785588	0.260479535017023
6.59733998822048	0.204509090063545
-8.8129101251252	0.175732809090395
-4.36718340497464	0.0159121759770933
2.22100040176883	0.240376103383429
-1.55660434160382	0.669236855565938
-1.7386834952049	0.0781815318415365
7.60676718084142	0.153926458086041
-6.7955431016162	0.156908428955513
-5.04336613928899	0.165752390564014
-12.0511189335957	0.0441659283291643
-5.9308796050027	0.0403591533660351
-3.49520328920335	0.0942284685189238
3.28487485880032	0.689842331258782
-1.09058718429878	0.553015290581019
-0.463401598390192	0.857655076403905
-1.17561632534489	0.768655048325338
5.06184546975419	0.36010637378482
3.06979533517733	0.543462656158571
-0.9083376894705	0.503087577111197
7.84536191727966	0.0243226814396618
-4.76361197652295	0.111538596402795
-7.91653021238744	0.143355643023587
8.35187406046316	0.177955317912175
3.06776995304972	0.174044182319109
1.47978061577305	0.664353231157469
-2.74025166174397	0.108280715901741
0.207664186600596	0.0801306757264334
-4.96285552857444	0.203078860530864
-5.9337207628414	0.484153107461012
-4.09577930811793	0.29840639819677
-1.27840320579708	0.153660628199166
5.82251655170694	0.457433430500217
-4.88660443341359	0.33158547402732
5.62017511809245	0.446397156516012
-3.85554139036685	0.138082956167524
-2.8124573151581	0.245203440603215
-2.44353545363992	0.0530996549492139
0.206367541104555	0.844386304518585
2.47079937485978	0.739915106009112
3.60956853954121	0.703541422691619
5.67773077636957	0.397509265235957
-6.39395335223526	0.136422315070874
1.74214953090996	0.389355199283388
1.37657497543842	0.779526821054577
-7.89080650778487	0.232377319820186
3.0793544347398	0.166223053190886
-4.25441561965272	0.604165021894374
-2.00830975547433	0.65499155201544
3.79113228293136	0.426556005449889
-5.94365772558376	0.023409301527006
0.631315098144114	0.231651173244763
-1.31038130493835	0.602741729776494
-12.2257102676667	0.000213352363878122
-10.4959714715369	0.0221282968106101
-5.44155351351947	0.102624431706576
-1.68969801161438	0.497934565281354
-1.52406395645812	0.890395721709066
-8.2181528583169	0.0106359363098565
5.47863139305264	0.0921211099632812
-5.04533688537776	0.521154812265218
-3.65197551436722	0.305677257648388
-2.58273616433144	0.508441823377003
0.526954689994454	0.130781109720539
-0.657842243090272	0.946236734932114
4.69245599582791	0.612335557745168
8.49976780358702	0.101793983485708
6.98940311092883	0.18673533251977
2.79998956248164	0.173179104641852
0.348198444116861	0.595592429286413
0.571984166745096	0.197884028537596
-2.25810044445097	0.822841223292518
5.62044722260907	0.382771357944589
1.27245627343655	0.0269328356035373
-5.39820062695071	0.456848392699689
-5.31178844394162	0.0268971375632527
-7.03078970080242	0.317558213325766
-7.65622877050191	0.220896045221654
2.01007914030924	0.121713842190137
1.63366904715076	0.916482427671366
-1.38287640642375	0.464143140754141
-3.60762026393786	0.670561874611779
-4.40040601417422	0.122274894553247
2.38897427916527	0.194291000015737
0.837092252913862	0.840644412664739
2.61736856773496	0.590100998876715
11.521373775322	0.0700073986980185
11.641598737333	0.06327832096294
-2.13760550133884	0.0195937368278118
1.94263239623979	0.735505780315875
-0.280489206779748	0.775497808307997
-5.33105350797996	0.440028563127417
-4.29103649687022	0.403219768574655
0.250673813279718	0.589297478069265
1.4108473341912	0.331205101287679
-2.99496200401336	0.809040725825809
1.51330586057156	0.809353410659192
-6.49115032749251	0.198181064922231
9.11184829194099	0.00732033961036798
6.9798097293824	0.11203130851378
-6.30385820986703	0.149451393970901
-8.12300781486556	0.245329128717723
10.0666544912383	0.0607157076068091
-4.33559587458149	0.120329105563471
0.359509130939841	0.328138741674668
-2.90117091033608	0.566419021568532
8.89297964517027	0.142031797357746
9.90107389166951	0.0387409132163831
-0.976136745885015	0.100949158601502
1.20491922833025	0.961677034571992
-0.332252767402679	0.810435279057693
4.62877924321219	0.528364636622009
-9.85270110424608	0.115472608518288
-0.162487209308892	0.0266743748029697
3.35500676650554	0.709519274841742
-1.2387667153962	0.433712241957826
6.77647994365543	0.139733992337412
-3.16454897169024	0.072270790049702
2.03290017787367	0.173903717665404
2.11744343396276	0.849561747035843
4.26979535724968	0.0147650317324137
6.8676736112684	0.356565247844746
1.50813560932875	0.0417649558076488
-6.47327603073791	0.309508866735718
-8.71868728660047	0.19305949312067
-1.29742895951495	0.0191382211671312
-0.370425407309085	0.699219289341448
0.788119328208268	0.952695171437863
2.8734606737271	0.38312066382162
9.47003124514595	0.0872789975101154
7.13077231077477	0.0681257460225677
2.18785512959585	0.214648279277494
6.48279333952814	0.304720457814788
-3.74083407456055	0.246534849648628
4.11961823701859	0.101993024249681
6.5355550381355	0.353589929930954
10.4852848662995	0.0683029632538596
-6.32885261904448	0.0518284863278229
5.33182054292411	0.10188446672864
-3.402575973887	0.0844690626269411
-2.21602732082829	0.241110392347001
-2.83276153262705	0.506598087019274
0.388123027514666	0.0887398651113431
-5.84527485771105	0.433687554959575
2.5009204284288	0.342036426156338
0.0184854213148355	0.853619525941642
-2.74622257333249	0.496707246693395
1.51644349331036	0.509415232342493
-1.18453052127734	0.755773176963671
0.79293551389128	0.195849138482403
-1.54786394443363	0.678535219856345
1.36635231552646	0.714673988986903
2.73408781271428	0.80649748111752
1.15780814085156	0.724508013810271
0.975620930548757	0.0821586428423973
7.08545033354312	0.15864252657919
3.7560603604652	0.25622882937795
1.1097985971719	0.581207959383791
0.727542957756668	0.151952564019242
-2.968620643951	0.357628364776741
-0.0624261167831719	0.737838247417755
0.0910438480786979	0.9291089270954
1.20228797430173	0.964740603518121
-4.00402877479792	0.694955937608524
-1.91924901679158	0.597675108758173
2.14101641206071	0.793565564841506
-1.0441673733294	0.575743081840131
-3.2256795046851	0.718497912582736
-1.93194069201127	0.352898483294447
2.07725266925991	0.708887740114513
-3.13724294537678	0.749768873151076
-0.690016171429306	0.772679529234975
-3.68206003680825	0.366262163896104
1.38134515145794	0.58830513247398
2.54119939170778	0.731879675042853
-3.96530220285058	0.0770585017118126
9.75771368248388	0.0144753107705194
-1.05742544168606	0.0460373224740679
-8.92187176505104	0.134131956948844
3.15525907091796	0.117000024648723
3.93092661397532	0.213806651485225
-3.4607506566681	0.429200729797401
-3.0170915205963	0.0913318261216828
-1.3955461140722	0.399137137727186
2.65664055710658	0.0632892047117408
-7.23367613973096	0.272749358990628
8.21324691642076	0.230448118070493
1.63146675797179	0.146399573594019
0.459760457742959	0.571657146640208
-0.911766760982573	0.980692527224208
-2.37930295988917	0.870371624269593
-11.0269134887494	0.0601673706233431
-0.561390642542392	0.001993050955268
1.45294215297326	0.530849295980043
-10.8594729099423	0.0349522540757739
8.17995470948517	0.0844259762170269
-4.72712703282014	0.152819345848815
-4.30192799773067	0.388488103051208
-3.40961458627135	0.10507061278741
-1.34049589047208	0.673457941935614
3.37573307566345	0.327861451540553
-6.56712588155642	0.210383662066687
3.10592554276809	0.337732082991861
-1.22592325089499	0.775580924434717
6.74093908863142	0.149555848550825
-1.79139171727002	0.354791724979391
5.67086583701894	0.469030286628697
-3.4589375811629	0.447049724123596
-1.2864888436161	0.548714980902148
-2.13702446781099	0.201356089388849
7.01420009834692	0.0285748517481875
-3.19425363326445	0.12384691686921
-11.5613467362709	0.0519441241543098
-10.8494908455759	0.0397871821810964
-8.55810907669365	0.0318981165036212
-0.352609867695719	0.144361322260635
0.831115467008203	0.489350864120697
-2.25237666629255	0.404241048517032
5.44168314663693	0.23850244902419
-2.24904557224363	0.402580768408621
-4.48067807592452	0.0677951146237226
3.83664171444252	0.238235699961732
3.32347030285746	0.168455807853483
3.23592855362222	0.614881528720962
3.88590832706541	0.191375915517539
-5.52885280922055	0.380440694741042
7.08684665383771	0.123909653146464
3.74879677081481	0.250733563105052
-1.95152912288904	0.109623428651891
-8.0951360380277	0.114495653865618
-10.1088672643527	0.0820533126013166
-9.61367662763223	0.0464513835738192
-6.88572366954759	0.0820114462658091
2.56348059978336	0.242536014299723
-0.953280895482749	0.510694691285794
6.69883426045999	0.193414199578627
2.43997690267861	0.140872146096522
2.0064796297811	0.485244306959348
-0.0107765570282936	0.512563615330742
1.9079603953287	0.283924840298721
2.33358564320952	0.372211246126842
-3.01470633829013	0.473997503088911
-0.182447195984423	0.473718237196104
-3.14329827670008	0.67188851990047
-3.78798716934398	0.249464941338431
1.2516593746841	0.335096981111031
4.98534891055897	0.515147431096624
0.0744007620960474	0.363286726073949
0.18057439243421	0.931493183943853
3.37095180060714	0.652228310158984
-1.79769467096776	0.620381107285173
-6.07559024356306	0.353703897440755
8.43842890346423	0.0724893503121236
10.3707867278717	0.0128352674770404
1.83950131293386	0.063742909412293
-3.40804527048022	0.638779157228818
-3.02332046907395	0.660431762674657
0.565070996526629	0.682817539863172
1.08271677978337	0.964273927403623
4.50590786291286	0.253190715374279
1.79980423534289	0.180414506956269
-0.588587061502039	0.139262361884234
-1.7285077739507	0.184047709011834
3.80242655519396	0.0214092495921587
2.18923169653863	0.520704239659029
3.09804971795529	0.701628942621454
-3.77520387992263	0.721090422232408
-1.60746005829424	0.735772152959545
-1.92805152386427	0.55069568154912
6.41119479434565	0.0809764551531261
1.18407191243023	0.140690701956453
0.0255207158625126	0.763686975006973
-1.45939814625308	0.150534533898734
-0.731825237162411	0.895770052464084
0.0277300109155476	0.852828715551542
-1.68377802008763	0.801476590563018
0.219914994668216	0.552492060012352
5.91490119695663	0.248015305855845
2.41459934273735	0.0218098810404594
-2.58595417952165	0.1309269331735
3.69287383044139	0.358342704629987
10.6423977040686	0.00274216938961722
8.68423025356606	0.0622226323958866
-8.77022807020694	0.101269014357617
-8.41064126696438	0.0317853874561878
-5.39951923303306	0.221815771186402
-7.33587058028206	0.173703692254321
-6.89260995481163	0.262834419329587
-4.60346336709335	0.253149384182528
5.84965045563877	0.248108815381595
-0.387153995689005	0.39821932907894
2.17389391036704	0.601213046736999
2.62638980057091	0.721234296283981
0.971803092397749	0.62535584458242
-1.43124063033611	0.729711479167435
1.30478526698425	0.568472781702113
-1.94878509733826	0.27590816908111
4.24217927036807	0.117818429270829
5.14236623654142	0.405921771302477
-0.224293582141399	0.162212389869629
0.400173033121973	0.96325557663294
0.661601540632546	0.121551881906948
-4.08587427344173	0.69770843300737
3.58288347255439	0.320043644496367
2.52606082241982	0.0346429277376502
-0.486878876108676	0.638746346526632
-3.64850391866639	0.719718445927811
-1.46660971222445	0.709760273279265
6.08050609007478	0.318324321889607
-6.23720619594678	0.311173757125147
-2.32899935217574	0.419975310948587
-0.756273132283241	0.695736906698512
-0.925186683889478	0.950147989196577
-7.36606304068118	0.134372005001855
-9.91344354115427	0.0719791552771522
-5.00429060077295	0.121665950693846
3.18819520063698	0.460151319655774
4.22134346561506	0.668335964461537
-1.16129140136763	0.587722537012887
2.63889161869884	0.266312321669901
-0.97741958219558	0.77535347553453
1.77465069573373	0.420150216268667
-2.12523772381246	0.455977802386261
7.20250718062744	0.111798135291742
-5.10154870804399	0.308325647619122
-3.16455029183999	0.141581632055162
3.16706420620903	0.492283319330362
8.53112770942971	0.0793302891355765
2.31620918260887	0.172676532287668
-1.26049446640536	0.888613601093474
-5.41775264544412	0.0872336726456802
-9.94501510402188	0.101431936772576
1.71486975392327	0.0792988097086372
-1.36789814103395	0.852509997327238
1.5654981485568	0.57966489885669
1.95201767608523	0.622990238118157
-6.11953354440629	0.0807996847179075
-7.44370199041441	0.294562958695784
6.82977233547717	0.196349935209819
-0.443899696692824	0.0701340510787496
0.488677653484046	0.876835690496018
0.929354913532734	0.286336476110221
3.01190470112488	0.275306572866813
-2.63310701586306	0.149583824945773
-0.45522824395448	0.766325234719422
-0.291773783974349	0.821257140701619
-0.031618676148355	0.879536078823502
1.0154734714888	0.93349117290023
1.84960552258417	0.740912479012741
-1.7774559580721	0.00837958583170919
6.57802405301481	0.152409629449073
1.92549449857324	0.037093063072186
-0.937902918085456	0.742387791446854
-4.14058431051672	0.235252785373376
-4.43556672893465	0.571363830808201
-0.783626788761467	0.453451165387072
10.7825767435133	0.0219808825919227
12.5844053691253	0.0198281898299878
5.25003269780427	0.019400719318088
-1.1476586968638	0.214257305924469
-0.14212487032637	0.357618000352742
-1.17705871118233	0.864388441338762
-10.8540566638112	0.064972447978931
10.734429366421	0.0120868575068197
6.55492407968268	0.0134149392870557
-10.1848585903645	0.0850437179208022
1.90172626404092	0.0955276366040256
-2.12466900469735	0.313530612374941
-4.20931567205116	0.100016673110233
0.320884790271521	0.405596846082281
1.72777715139091	0.133786063753317
-0.851535424590111	0.648992998275495
3.27770694857463	0.194261678294474
-1.54172989306971	0.696429554849193
4.46335704065859	0.528491281822351
-8.19232131354511	0.122691312832429
7.51811684109271	0.14985808076217
2.96036133309826	0.241444379931163
4.04716697288677	0.702246032611681
8.15055232029408	0.215845970497103
-6.78228490054607	0.168615512945068
-4.23292397288606	0.086802124885924
-1.83237770106643	0.58316919781264
-10.6708662514575	0.00082749764913352
-6.68409729609266	0.0811746061121392
7.87509344285354	0.17340457839418
-2.35068960813805	0.13307833844189
-0.0548361637629569	0.0370578045323439
0.895851252134889	0.588757371656801
-0.0257459934800863	0.115474182641576
-0.951078445650637	0.349609541353077
0.0135002145543694	0.303573311533204
-0.146716106683016	0.31784691379634
0.883356390986592	0.965184902035375
1.20510893175378	0.0633901915737093
-0.211323278490454	0.352591483104494
0.460231800097972	0.813113266489327
-2.41089654620737	0.741924901172128
4.12754305405542	0.394461012747297
-2.89772436255589	0.362429948089199
-7.96765988459811	0.0401868673635313
-6.21794706210494	0.226248049940956
3.24765351600945	0.351487919035984
4.3912791274488	0.475141704005788
2.33112941728905	0.551514823785685
4.10198495490476	0.557258469153337
2.25497080944479	0.587774658756676
1.12629820592701	0.020586743603923
-2.27561921579763	0.871772001359056
3.85447849519551	0.0379747022418384
4.61551604792476	0.471390287182509
1.54949518153444	0.0574407684564885
1.72254421049729	0.923603397762573
3.25998730491847	0.800679070713228
-8.09631061507389	0.103093216821741
4.39028138760477	0.119130413693991
3.54458231013268	0.559847197338147
0.0770888663828373	0.539819722438751
-2.23936242051423	0.515275173369495
-2.48535216785967	0.0902662508900397
-1.9929173332639	0.605629106123292
8.91992141492665	0.165546715171398
-1.00657427916303	0.180140244453354
1.77458632970229	0.252403459539323
-3.52969403145835	0.497924795387217
-5.72487037628889	0.0153984742819354
5.260054981336	0.188069399716261
-4.84195293160155	0.259674955461521
4.13684494793415	0.262088427213737
-11.2896345066838	0.0612145071140898
-10.7362596108578	0.0265527560609233
5.75097226537764	0.0412166673459903
-0.187759953550994	0.0823560295287741
0.532154752872884	0.530811266252526
-2.11283268872648	0.810740148310657
-2.42088495986536	0.201484847720708
3.5283892066218	0.203307205013115
-5.01568621024489	0.541496983449906
6.36272777337581	0.0930401566902537
-5.79613417619839	0.272872957566471
6.5967120998539	0.390604874523212
6.33713277988136	0.349811312357895
8.22905736509711	0.11132194338846
10.5622947751544	0.0536599055531146
-4.06803810037673	0.0594442067415983
-12.4715852318332	0.0299991128345247
2.06333578331396	0.020996425772231
1.31963850231841	0.578023608751197
1.85161159839481	0.433861599737961
6.44829428521916	0.328693598535903
6.87660442432389	0.291279384588359
-1.39635433908552	0.23102358288124
2.35861356602982	0.723944017829382
-5.73126568458974	0.21288334188742
-6.57833165489137	0.418768327841836
-5.75267467880622	0.203378051249908
1.10226480988786	0.340861120442993
-0.946812182664871	0.36532623339382
0.270341180730611	0.0258430883945116
1.41055064275861	0.800604925184026
-5.27456876356155	0.560505932110044
5.24833883391693	0.143559010674188
4.0568362805061	0.453218113599887
3.27446835581213	0.329669637875151
1.2030337122269	0.0984274121705171
3.92919067293406	0.532729044750224
-6.61185196833685	0.286052479458571
5.86866519413888	0.252874509674286
3.05666210828349	0.264340303025052
-2.79475152259693	0.735153600515634
10.1051339297555	0.043401934912827
-9.95051263365895	0.0148991031179644
3.60617277910933	0.120268711642026
4.49079940561205	0.521640274549259
2.41320961620659	0.526962139959825
1.07430954929441	0.046122618888623
3.23949652025476	0.387240007581784
-8.81680163322017	0.16007169723393
6.88327120849863	0.0878560425014734
5.66963960649446	0.0781881699695603
13.454172690399	0.0206836482806763
6.47452425677329	0.0256499463851922
-8.22499359492213	0.0438373404278821
3.41704172082245	0.235317062951638
4.69603705918416	0.122836856011391
-7.07465752260759	0.344053227455903
4.88279331475496	0.226225121127151
-5.40014559868723	0.551807386543337
-10.0347055052407	0.113516056533723
0.544338428881019	0.0257663900798098
-3.90201650094241	0.655461547066749
0.800572063308209	0.17742959197275
-8.4705529245548	0.00885139743034192
-0.127577127423137	0.147068702224696
7.09850716637447	0.156454914286516
-3.98044963600114	0.314906860670345
0.717518138699234	0.111458234207702
-8.44657142646611	0.097699537153104
-11.1068974435329	0.054814382540279
-11.1312059545889	0.0322413306935357
1.82938535464928	0.0457959872119987
8.68546693352982	0.172883436329955
-3.31480072578415	0.162540480093443
-0.153350592590868	0.0753695993591098
-1.63698341231793	0.861407044767496
-2.74318638956174	0.537695019459199
-2.98584067029878	0.756132707199516
0.968564723152667	0.118970067507737
-0.0297344522550702	0.879844122747081
1.72218415187672	0.90346113600993
11.3728380971588	0.0664322903796577
11.9218471739441	0.0448667743257379
-1.71018102904782	0.0245958524851535
-2.55352252861485	0.41460799589191
1.07468632981181	0.0981901756159348
-2.76389831677079	0.796882292330538
1.24625677708536	0.439950656319705
-0.233478345908225	0.953716739103451
2.60587027296424	0.745646649752708
4.14503653300926	0.00370223790829723
5.24571487214416	0.330538881094007
-1.68356706853956	0.469480158937244
-3.54255428770557	0.722235785015097
2.50234812498093	0.724359082192747
-2.8332415712066	0.0707729265335251
2.06942147109658	0.775644163979245
2.34191264491528	0.634728259912404
-3.79286709940061	0.691930901576406
0.35135508980602	0.324984335229443
0.10302945971489	0.905989208671002
-9.28642075276002	0.111357346532465
-1.55753032537177	0.0103941488669626
1.19803761597723	0.216274121583572
3.03171399515122	0.765406751495663
-5.09631401393563	0.307633141410969
-2.66197026707232	0.115528826352525
4.14372428320348	0.177747777039655
-4.31243176572025	0.1029875534621
7.50838223146275	0.302017196262608
-1.08859259169549	0.0324041158586399
4.00079129263759	0.709718265260468
-5.54854884976521	0.109852152467286
3.50173330167308	0.25754632448466
-4.44213267881423	0.464613496293661
0.51778590073809	0.509373262080861
-0.227616566698998	0.779189102923441
-2.07052982412279	0.516882313056437
-2.90007501142099	0.144395869421378
-10.0952630443498	0.000958219283167213
4.04647207818925	0.0150886023251092
-2.30906689306721	0.3454189573499
-2.56715818075463	0.389984107959804
0.425555894616991	0.376323656244771
-12.0912793907337	0.00760798301179294
-8.32073498284444	0.0281092979455636
-1.12403113162145	0.134913901331181
