-2.01344653498381
-4.07794112339616
5.99792535882443
-0.0686895218677819
-1.14411975955591
-0.691679427400231
4.72736482042819
-2.42100461153314
-3.04691167082638
-0.302587004844099
-3.12927886610851
-5.84409886272624
6.5729858726263
-4.31552681839094
7.41411562543362
6.09515086049214
-10.2375422953628
4.27882075309753
-4.40710772294551
3.00827350001782
1.54359983978793
3.00421595340595
4.48695046361536
4.91381253115833
7.25052505731583
-1.52518080314621
-2.34413851518184
4.92228065617383
0.061098535079509
3.789231358096
2.6897695264779
1.21435706969351
-3.11732935952023
0.55106682702899
4.19306200928986
8.06361398426816
-7.3910051677376
-3.35376972332597
2.17241601319984
6.87876275042072
1.99991806643084
-0.270883818157017
0.416496454272419
0.968900327570736
-1.24698950210586
1.80525757838041
-4.44618910783902
-0.4875134001486
-4.62241616332904
2.16319925850257
-1.20387983042747
0.884465414565057
2.55926872137934
5.56030152132735
-12.7574532455765
-0.869027709122747
3.88763543218374
-4.47833982529119
-8.35458830930293
-0.106942362617701
2.79503157595173
2.53131629666314
5.0669611687772
7.304149386473
6.37824264820665
-2.50210269587114
5.52360917441547
-8.54555621976033
-5.57347882306203
-2.48902024934068
-8.52535296231508
3.13082712236792
4.12192062707618
6.77267825463787
-2.95944037847221
-10.3008052962832
13.4714535763487
6.24476179713383
7.87254044087604
-2.52731298096478
5.80283547285944
6.74256692407653
-2.29404249228537
7.47242641635239
-4.10483749117702
1.55810298398137
10.3785934299231
-4.80673271231353
-0.141243792604655
-2.01919696060941
-2.60737632634118
-10.4726074612699
-0.58985699666664
8.49096846068278
2.8662630985491
9.17050308315083
8.66152105852962
-5.80618738895282
-7.47009900631383
-2.6797205535695
