-2.01344653498381
-4.07794112339616
5.99792535882443
-0.0686895218677819
-1.14411975955591
-0.691679427400231
4.72736482042819
-2.42100461153314
-3.04691167082638
-0.302587004844099
-3.12927886610851
-5.84409886272624
6.5729858726263
-4.31552681839094
7.41411562543362
6.09515086049214
-10.2375422953628
4.27882075309753
-4.40710772294551
3.00827350001782
1.54359983978793
3.00421595340595
4.48695046361536
4.91381253115833
7.25052505731583
-1.52518080314621
-2.34413851518184
4.92228065617383
0.061098535079509
3.789231358096
2.6897695264779
1.21435706969351
-3.11732935952023
0.55106682702899
4.19306200928986
8.06361398426816
-7.3910051677376
-3.35376972332597
2.17241601319984
6.87876275042072
1.99991806643084
-0.270883818157017
0.416496454272419
0.968900327570736
-1.24698950210586
1.80525757838041
-4.44618910783902
-0.4875134001486
-4.62241616332904
2.16319925850257
-1.20387983042747
0.884465414565057
2.55926872137934
5.56030152132735
-12.7574532455765
-0.869027709122747
3.88763543218374
-4.47833982529119
-8.35458830930293
-0.106942362617701
2.79503157595173
2.53131629666314
5.0669611687772
7.304149386473
6.37824264820665
-2.50210269587114
5.52360917441547
-8.54555621976033
-5.57347882306203
-2.48902024934068
-8.52535296231508
3.13082712236792
4.12192062707618
6.77267825463787
-2.95944037847221
-10.3008052962832
13.4714535763487
6.24476179713383
7.87254044087604
-2.52731298096478
5.80283547285944
6.74256692407653
-2.29404249228537
7.47242641635239
-4.10483749117702
1.55810298398137
10.3785934299231
-4.80673271231353
-0.141243792604655
-2.01919696060941
-2.60737632634118
-10.4726074612699
-0.58985699666664
8.49096846068278
2.8662630985491
9.17050308315083
8.66152105852962
-5.80618738895282
-7.47009900631383
-2.6797205535695
0.623836750164628
2.22614580066875
3.81839709123597
2.08963832817972
1.8496150849387
-6.11003136495128
3.7396484753117
-3.36998097365722
1.09683700371534
0.915886550210416
-0.467593122739345
0.307660354301333
1.55163395684212
2.58373294724151
3.31437618937343
-0.591565368231386
-3.24488207465038
3.12984046759084
-1.54848894802853
-0.609158277511597
-8.02465776912868
0.771696909796447
3.69866306427866
-3.80340448580682
-5.67976469406858
3.11338032362983
-0.833334282506257
-0.419463850557804
1.30468436982483
-3.10215092729777
-5.14541879296303
-6.9742003432475
-9.58259075414389
0.232096086256206
6.13127621356398
-9.59768833592534
3.23172869626433
-5.84843568038195
6.01392694981769
5.20891611697152
3.09903109213337
-2.09935755701736
2.98141489271075
11.0733645223081
10.9012061334215
1.96534226182848
1.52591664344072
2.97300522448495
7.34408628428355
3.75936869066209
-5.73270358610898
5.08495990885422
2.81359777785838
6.10161456512287
1.88304096227512
8.14739390043542
-12.3419933114201
-1.41032705549151
0.883290048222989
1.48334223311394
-4.16141994763166
0.586631612386554
2.56520632887259
-5.87346259737387
11.3704651454464
-8.88992980588228
7.6211302424781
3.37113157147542
-3.75446965685114
3.00860897172242
4.57084902562201
-3.02627899451181
0.686238517519087
-1.0750055895187
2.28109820047393
1.15524141350761
2.74426060030237
2.65088142827153
-3.47076433477923
-8.00528617110103
-3.5896509164013
11.5004815952852
0.555585992988199
-0.317385918460786
0.35223490325734
-0.258510753046721
-2.04542930005118
4.16103775380179
1.67997051263228
-2.24390310700983
-0.591082347091287
-0.572051319759339
2.62142804218456
-2.8395659616217
11.6238131560385
-10.1133790262975
-10.2475533471443
5.53727347869426
6.08693463960662
6.78187624085695
-2.94372680364177
1.65639203740284
9.78978012688458
-2.19971020007506
-1.92138622049242
-5.40171820437536
4.20884576160461
-3.9777012867853
5.05812697811052
4.0043899579905
-0.912898262031376
-4.22019738005474
1.45081032766029
7.75924319168553
9.31141570676118
8.96256428444758
-3.19494107505307
-0.719814605545253
1.40235118567944
1.51093106484041
-3.35502691799775
3.7644398608245
0.668112393468618
-1.28343580523506
-9.01110698003322
-5.32288704765961
1.2782069365494
2.28393963072449
-2.29692204622552
0.680735050700605
2.65920222736895
1.78390110377222
-3.55192109942436
-1.67740321950987
-1.86756787123159
-2.46039268327877
1.16463491460308
-10.034505429212
10.8751523005776
-6.21702207019553
7.1892079920508
4.10353692015633
9.10967627540231
-9.2566856648773
0.163059385959059
-0.352674659807235
8.93847230589017
1.31133983144537
0.4101269133389
0.703964349813759
4.52307462925091
-11.8366351467557
-7.11964745773003
1.36936081806198
1.02889613248408
0.197985868435353
7.07863379269838
-0.243542699608952
-1.19066921761259
3.36877166759223
-1.36205879040062
5.50829848973081
2.2376691782847
-5.97041723784059
-2.79382803943008
4.99456675490364
0.690451234113425
3.69208447169513
9.04828117461875
-6.70251321047544
-10.2197330771014
10.5454717087559
3.633881311398
-1.00851922295988
0.468633575364947
5.73255454888567
1.04159304639325
3.62279498716816
-4.85648561501876
-3.06248063687235
-0.91506305616349
2.0030170166865
-0.0763113261200488
1.52028825832531
-1.01220991462469
-1.90217866329476
-3.95246712025255
-3.74808263266459
-5.8753680344671
9.21384254470468
-7.69137501949444
-0.309175844304264
0.94376522116363
1.99090709444135
7.4936110759154
5.48120003426448
4.87472677370533
6.05424135457724
-0.113822242710739
1.66336972732097
9.00587208336219
5.85736775770783
-1.43455950077623
-1.12929014721885
-2.43245467543602
-0.14383249450475
0.531898245681077
1.67474511545151
2.9559590248391
-1.91861333325505
-0.569556844420731
-0.740711758844554
4.05088644241914
4.15972011862323
-2.25486063631251
-1.48280004272237
2.2141597000882
-3.86915530543774
-5.07833698298782
6.57309809932485
-3.14355632755905
-0.0437309523113072
0.821302633266896
-5.79091056017205
-3.00993723096326
-3.02298857364804
-6.84092994779348
4.27854664390907
-2.71107777021825
-3.04031330393627
5.26136046275496
-1.13178692059591
2.78187306364998
-3.08642890071496
-4.99730462674052
5.16911871498451
-1.95928227854893
2.12359121767804
-3.17193288356066
-0.48098795581609
0.176287754438818
-3.7926955986768
2.22982820821926
-4.77065923623741
-1.50846010772511
2.04408332007006
8.78957524197176
3.71371765388176
5.03427097108215
-2.94598959619179
1.85392834944651
-3.66186837432906
-1.91565964138135
5.10008392157033
1.97726343059912
7.0951384305954
-1.60642041591927
-4.84404272865504
1.72825044952333
0.751785635948181
1.2448743218556
6.05303171323612
-3.69917964097112
-5.23813687032089
-11.04652245529
-8.19614413194358
-1.76458601374179
-7.40137057844549
2.94239728013054
0.634888876229525
9.61369019933045
-8.38072513695806
-8.72909347526729
-1.79537244373932
-1.53092146385461
-3.45210424857214
-8.62048080191016
3.96382325096056
6.52998480945826
-1.02894659852609
0.920631049666554
2.89292059605941
3.54836473474279
3.59329587779939
1.09100435860455
-0.348596186377108
-3.60829715849832
1.21322056744248
2.88107763743028
3.21879507042468
4.76090443320572
5.70758071728051
6.74790679011494
4.48248032480478
-2.54404939245433
1.55997633934021
3.07355112629011
-7.53940530354157
-7.66805284190923
-7.8032596455887
-3.05205192882568
2.55946677876636
4.4740937766619
-5.52535230992362
4.49663099600002
-7.42618402931839
10.7590902177617
9.76824318990111
-8.28198662493378
2.08858217345551
-0.942416880279779
2.39092817064375
-2.26210004417226
-1.99081946862862
-4.70473660156131
7.44534436846152
4.08375600585714
-6.01600367110223
-5.61865753261372
1.51658446993679
2.57953648455441
-2.89824467618018
-4.03933990281075
-0.398081433959305
-0.949737278278917
2.67118758056313
-2.38224409986287
-4.06920383451506
-7.99068490974605
-1.8181296880357
-0.393994473852217
3.89019839465618
-8.31596844596788
-10.6259895768017
-0.31455917051062
1.96684841997921
-1.72589653870091
4.78451909730211
7.51575713977218
-3.96534360246733
1.7136392975226
-0.4298753477633
-0.44283001916483
5.75961137423292
-1.01172764785588
6.59733998822048
-8.8129101251252
-4.36718340497464
2.22100040176883
-1.55660434160382
-1.7386834952049
7.60676718084142
-6.7955431016162
-5.04336613928899
-12.0511189335957
-5.9308796050027
-3.49520328920335
3.28487485880032
-1.09058718429878
-0.463401598390192
-1.17561632534489
5.06184546975419
3.06979533517733
-0.9083376894705
7.84536191727966
-4.76361197652295
-7.91653021238744
8.35187406046316
3.06776995304972
1.47978061577305
-2.74025166174397
0.207664186600596
-4.96285552857444
-5.9337207628414
-4.09577930811793
-1.27840320579708
5.82251655170694
-4.88660443341359
5.62017511809245
-3.85554139036685
-2.8124573151581
-2.44353545363992
0.206367541104555
2.47079937485978
3.60956853954121
5.67773077636957
-6.39395335223526
1.74214953090996
1.37657497543842
-7.89080650778487
3.0793544347398
-4.25441561965272
-2.00830975547433
3.79113228293136
-5.94365772558376
0.631315098144114
-1.31038130493835
-12.2257102676667
-10.4959714715369
-5.44155351351947
